66
106
119
91
199
184
164
186
74
31
137
14
172
81
114
157
162
150
170
32
88
53
48
167
113
70
42
174
104
145
71
6
176
60
120
190
115
82
41
173
126
64
43
110
193
183
67
50
192
62
5
149
131
55
117
51
134
17
144
92
125
33
57
111
132
34
140
29
47
19
118
44
168
141
2
15
39
68
147
0
10
179
79
18
189
26
152
90
37
136
3
63
96
185
4
197
158
139
161
121
105
151
28
128
73
187
75
153
1
138
129
16
52
146
122
36
22
94
24
195
191
181
58
23
99
100
86
97
59
194
25
148
166
95
9
13
178
76
11
108
89
69
87
78
21
175
7
72
101
35
8
93
109
65
61
133
98
77
127
27
135
12
165
156
85
84
107
83
80
56
30
142
103
112
169
45
177
49
38
198
46
143
196
124
130
40
20
54
182
116
180
159
188
102
154
155
123
163
171
160
