11 7
3 1
32 7
23 12
47 36
35 16
21 18
35 33
29 15
2 1
13 7
41 36
26 14
14 5
27 4
10 10
7 5
7 3
5 0
34 22
31 11
13 7
48 25
11 1
44 32
11 10
45 32
24 2
50 27
9 4
22 21
37 20
42 23
35 18
22 14
37 30
20 11
2 0
20 13
39 29
29 2
4 2
42 23
50 34
3 0
33 32
41 31
31 2
28 23
44 17
34 17
49 47
27 23
28 23
40 32
24 19
22 0
7 7
12 6
3 3
6 4
39 19
46 43
30 27
36 3
42 4
27 20
10 10
5 1
3 1
37 22
47 9
29 23
35 32
38 15
20 1
31 7
26 16
7 3
29 28
10 4
44 13
8 7
45 33
30 8
45 34
15 3
40 19
5 0
41 17
21 6
15 7
45 13
34 12
35 35
3 3
20 7
27 18
17 4
8 1
44 37
31 17
47 37
13 9
30 21
4 0
5 2
20 9
48 35
31 1
17 8
35 30
18 7
4 0
10 4
21 11
13 1
40 34
34 31
17 7
23 16
46 10
41 27
16 13
9 7
4 2
43 20
33 20
39 3
23 7
37 4
39 13
8 8
4 4
45 16
26 18
8 0
6 6
19 3
48 4
28 20
32 12
24 2
4 3
33 5
32 28
33 5
16 9
25 16
49 36
40 1
37 35
47 4
13 9
9 8
17 9
49 43
46 15
41 34
22 6
23 11
15 3
16 1
37 19
3 0
5 5
31 24
23 0
47 3
43 27
41 19
19 19
32 4
24 11
33 9
28 0
42 3
15 0
16 5
28 15
49 36
6 2
36 0
36 18
39 25
41 11
1 1
5 1
22 16
14 3
43 11
43 35
18 11
32 27
48 3
11 5
24 24
28 20
45 30
30 21
36 26
3 2
29 23
40 2
29 2
14 13
29 10
32 13
42 25
12 9
45 43
7 6
5 2
22 0
46 25
38 13
12 0
13 5
19 13
34 12
13 11
32 29
16 6
44 1
1 0
50 18
33 26
22 2
2 1
7 5
8 2
11 11
9 6
40 28
25 23
23 17
33 32
35 10
36 36
11 10
43 0
49 23
40 31
10 5
6 4
44 23
6 2
18 6
3 1
37 37
15 15
11 11
18 4
1 0
10 4
11 0
21 4
23 21
50 50
48 8
3 0
35 34
37 33
36 12
1 0
49 42
31 2
27 24
10 8
10 0
36 20
44 23
25 1
32 11
10 6
11 3
16 13
38 27
50 25
22 6
32 24
50 45
37 14
25 16
22 1
38 37
30 27
18 10
11 11
5 0
10 3
28 21
48 19
41 24
17 11
19 13
42 12
45 21
45 41
20 17
23 21
1 1
2 2
43 11
3 2
15 7
11 4
6 2
34 17
47 28
30 3
9 0
6 4
13 13
25 19
18 4
39 12
43 41
50 41
30 1
4 0
10 10
32 17
10 4
36 10
11 0
32 19
29 5
50 5
22 4
9 6
4 4
5 5
17 14
22 16
48 2
1 0
42 26
48 25
7 1
46 18
12 9
25 10
34 1
1 1
12 7
2 2
16 2
29 13
25 10
24 7
23 7
48 16
9 4
2 2
11 4
40 12
29 13
41 7
37 4
12 8
18 5
45 6
10 1
10 4
34 25
31 2
4 2
33 30
5 4
27 26
2 2
4 4
42 7
47 6
5 3
2 1
31 15
4 4
12 7
37 32
38 0
14 3
35 26
19 5
33 9
39 16
12 9
37 22
16 9
24 23
47 44
17 5
33 12
28 23
48 39
9 0
47 6
45 8
17 10
32 20
14 10
1 0
41 23
47 8
11 10
48 9
19 3
8 6
38 10
2 0
23 1
49 11
21 13
22 6
34 26
27 5
44 26
6 3
2 0
24 10
29 28
26 3
24 24
36 4
3 0
26 19
25 15
41 29
38 18
13 10
10 5
28 11
28 23
9 6
50 47
32 30
45 7
18 4
2 1
21 14
40 18
15 7
12 8
37 36
5 0
18 17
28 18
19 7
40 37
6 4
46 32
45 3
49 25
21 4
21 21
1 0
40 7
22 4
12 1
4 2
1 0
25 4
5 3
39 19
40 40
46 25
18 0
34 20
31 10
3 1
34 20
19 18
8 4
12 9
36 4
25 1
30 3
1 0
41 23
42 21
4 1
47 9
18 5
20 11
50 12
45 44
13 8
36 22
32 12
15 3
42 13
28 27
49 34
35 34
43 9
40 17
7 0
39 16
20 0
41 1
22 19
44 20
20 2
19 17
37 10
6 6
3 2
31 13
18 5
44 12
5 3
49 0
44 33
29 11
36 32
38 17
24 18
33 0
18 12
32 28
45 4
33 12
4 3
40 4
5 0
45 41
29 0
47 31
5 5
5 1
42 28
41 9
4 1
15 0
13 0
26 16
11 6
5 4
39 22
44 29
22 18
46 9
19 3
30 27
3 2
4 3
11 10
38 35
5 0
7 2
5 3
4 2
30 29
1 0
24 15
31 26
43 26
30 19
30 27
25 0
27 4
7 7
2 0
29 6
7 4
20 7
48 15
49 9
30 10
2 2
27 4
7 0
50 10
16 13
29 10
29 5
31 3
37 20
17 0
34 33
10 0
16 15
3 0
42 12
36 5
1 1
46 6
21 17
30 11
35 8
10 3
4 1
46 30
36 15
31 24
28 16
17 0
36 23
17 14
5 3
18 2
39 34
37 12
38 32
7 0
40 17
9 4
26 6
13 2
50 17
20 3
44 32
49 11
38 6
3 3
32 22
36 22
50 6
16 1
15 14
3 0
48 37
21 10
22 1
49 45
50 45
48 0
31 2
27 18
4 3
27 24
41 18
33 24
8 6
36 31
29 3
43 16
45 16
7 3
29 2
28 25
3 2
8 6
39 3
48 34
25 17
47 42
10 0
17 9
30 6
7 2
17 17
14 11
48 12
39 3
2 1
45 0
43 40
40 25
30 11
23 5
30 26
34 33
5 1
47 36
7 5
16 14
44 36
25 25
7 1
12 11
47 5
4 1
49 28
42 39
11 9
8 4
1 1
5 0
8 8
8 0
23 4
41 35
49 35
35 19
42 20
29 2
26 17
48 36
41 31
4 1
11 1
40 23
15 7
43 27
8 5
13 13
30 5
10 2
16 5
24 18
12 6
11 0
42 0
10 10
5 2
4 0
45 0
29 6
48 30
27 9
44 16
17 4
33 26
39 1
43 20
20 18
37 24
24 6
48 9
34 19
49 17
12 11
42 23
46 31
26 26
27 18
44 24
8 3
33 30
46 17
50 46
1 0
28 15
3 2
19 2
13 3
48 40
43 26
8 1
48 7
41 21
28 5
17 14
8 3
1 0
18 1
24 21
50 35
3 1
29 17
28 3
35 22
16 2
50 3
46 5
21 11
18 10
47 0
21 14
40 34
20 2
1 0
35 33
45 45
19 4
2 2
7 5
23 4
1 0
35 21
20 3
37 13
22 19
23 6
11 6
11 4
27 24
9 3
8 0
47 2
13 3
46 1
49 39
18 1
32 4
50 16
29 6
37 25
25 14
9 0
20 18
34 30
27 5
3 0
41 36
19 13
6 6
10 2
23 12
31 16
26 24
33 28
30 23
18 1
24 19
37 17
1 0
41 9
24 21
37 24
10 3
26 5
44 26
13 7
38 32
13 5
21 16
50 45
1 1
22 8
28 28
33 9
44 35
8 8
1 0
15 8
3 0
36 23
6 1
26 14
35 34
44 41
42 41
3 0
49 18
28 14
46 29
40 8
40 33
42 5
45 22
34 2
14 9
34 32
34 1
13 7
30 30
41 38
36 18
44 34
15 6
36 13
23 12
2 1
10 0
49 44
19 4
1 0
8 6
44 23
45 22
4 2
39 20
34 7
22 7
24 20
30 23
38 38
16 0
15 7
26 14
37 15
27 26
44 32
43 16
36 16
24 13
42 19
2 2
45 33
36 17
48 45
18 5
40 1
18 16
41 11
50 14
33 8
15 12
2 1
5 4
4 0
37 17
32 1
1 1
32 14
41 22
41 23
42 15
9 7
50 2
41 30
42 15
50 32
19 11
34 16
43 11
30 21
46 30
23 10
34 25
12 4
23 11
5 2
49 21
37 2
4 0
11 1
8 1
17 2
25 5
37 27
20 0
17 13
50 33
35 16
2 2
49 6
33 21
50 12
19 7
14 5
41 6
46 5
19 17
19 9
36 5
23 4
8 7
22 16
1 1
35 17
40 27
39 19
24 1
35 4
3 1
39 25
17 5
17 10
16 6
20 20
31 8
34 29
17 6
11 10
3 1
5 3
28 21
35 11
17 6
1 1
20 12
37 2
1 0
5 1
2 0
9 5
30 11
26 13
44 21
9 8
18 15
38 8
16 9
32 1
18 14
37 11
32 17
30 11
15 12
41 12
47 16
27 0
3 0
31 8
7 4
49 37
1 0
39 26
9 3
29 19
1 1
30 11
46 32
8 7
50 1
28 4
22 18
9 8
4 4
44 25
16 3
48 4
25 0
33 26
43 15
10 3
39 37
29 13
46 11
11 11
38 23
27 11
15 13
39 0
3 1
48 43
16 13
38 30
47 39
12 11
18 13
5 2
28 2
3 0
38 9
4 3
26 17
28 12
47 12
36 7
38 2
27 16
12 11
8 8
30 14
25 21
7 5
14 14
37 20
4 4
31 17
20 17
43 3
12 8
40 0
21 0
5 3
36 34
44 14
33 7
27 26
47 42
42 39
30 6
38 14
35 3
1 0
25 0
16 7
13 11
3 1
44 20
33 15
48 45
37 9
39 37
12 9
15 10
33 25
43 26
20 14
49 42
17 7
27 27
5 4
30 14
35 19
1 1
31 26
37 9
29 10
24 24
28 20
42 40
12 5
35 29
18 6
18 14
10 2
14 12
6 4
26 22
23 16
15 3
6 2
10 3
9 2
6 0
26 11
24 3
33 27
33 24
36 20
42 6
44 32
38 18
27 17
29 1
19 3
24 10
12 8
22 19
29 29
11 8
4 0
2 2
29 15
39 19
3 2
35 10
22 10
19 9
13 12
20 5
35 31
50 7
42 14
44 29
43 5
34 12
12 10
21 9
45 3
9 6
45 13
47 41
39 15
16 9
4 3
44 30
14 0
21 9
2 2
2 1
15 4
25 13
9 7
5 2
2 2
50 32
20 11
38 17
15 4
10 0
8 8
21 16
32 24
15 3
40 36
5 5
12 5
3 3
8 0
50 47
12 4
11 3
15 15
20 13
28 17
29 12
44 22
49 5
32 24
35 10
34 1
34 12
31 6
36 20
38 21
16 4
28 6
41 9
8 1
42 21
17 10
14 12
35 2
6 5
15 1
34 13
33 23
18 10
44 44
49 29
50 47
32 4
25 17
18 14
15 1
46 35
39 5
45 36
32 1
25 19
18 16
35 29
19 13
4 3
16 6
50 50
23 1
23 20
39 17
23 22
25 24
9 0
24 8
28 10
40 31
42 23
11 2
22 3
18 7
23 17
10 9
12 10
16 16
24 20
24 13
40 32
30 6
24 21
29 20
48 6
21 8
26 25
24 15
11 11
13 4
11 5
15 11
49 0
44 43
37 24
27 15
13 4
16 5
17 4
35 3
6 0
11 1
20 17
49 5
16 11
7 3
39 6
2 0
43 8
21 18
49 23
43 35
12 7
7 4
32 19
49 49
10 2
11 1
37 6
2 2
1 0
17 2
14 1
35 8
37 11
35 4
4 0
50 39
37 6
48 22
31 10
22 2
42 35
26 26
13 13
30 0
34 22
39 24
14 3
12 9
18 1
22 18
13 3
28 19
17 9
5 2
35 21
1 1
7 3
48 33
27 16
26 18
14 4
33 0
16 1
28 18
16 8
5 2
30 21
49 12
31 26
36 26
47 7
21 9
46 30
14 2
39 28
3 3
5 5
34 31
18 2
3 0
36 35
30 13
16 12
38 15
26 10
50 36
10 3
4 1
14 4
41 31
4 4
10 10
39 24
26 3
13 11
15 5
31 2
38 32
12 6
6 4
46 29
7 2
31 4
20 10
9 9
12 1
5 4
41 22
23 0
25 5
32 27
26 6
24 7
48 48
49 13
23 15
1 0
27 27
31 29
13 10
28 10
5 4
36 17
5 0
18 4
31 30
4 0
6 4
32 17
50 30
12 0
38 28
26 13
7 4
12 8
8 6
40 40
3 2
24 3
29 13
45 10
38 31
45 2
39 18
8 0
19 4
43 18
26 5
5 1
10 2
26 0
27 10
1 0
48 34
45 1
20 12
13 3
15 8
24 18
45 3
34 20
28 23
49 14
7 1
50 11
19 19
26 25
15 4
26 18
15 6
24 9
17 8
38 38
9 9
10 6
22 14
12 11
7 7
30 2
18 15
31 8
45 3
41 22
18 3
11 1
37 14
11 0
32 29
14 13
39 32
23 7
39 33
24 15
12 12
3 0
41 35
27 7
28 27
22 17
6 3
21 21
33 23
33 29
1 0
35 21
38 22
30 16
43 2
17 11
44 2
24 11
12 4
10 2
11 7
35 21
35 27
47 22
3 3
13 3
46 46
4 2
34 17
47 7
46 31
49 13
48 29
42 42
31 6
22 21
3 0
38 34
31 19
10 2
23 7
15 6
25 17
29 16
28 28
19 3
20 1
5 4
37 4
46 4
21 18
18 1
8 6
43 13
19 10
43 34
47 41
8 1
13 2
11 9
33 13
7 0
44 27
21 10
41 26
7 1
45 13
35 22
3 1
30 21
10 10
15 9
9 8
6 1
5 0
7 6
17 8
43 5
5 3
32 27
47 23
12 2
27 5
35 11
8 0
10 3
12 12
33 25
40 35
13 6
11 8
48 25
2 2
49 7
26 19
47 17
18 9
19 19
18 7
48 28
32 32
7 3
31 14
2 0
12 1
3 2
16 0
19 3
12 0
40 15
25 15
37 2
33 13
8 1
30 7
43 12
28 18
42 7
2 1
5 0
11 1
44 22
10 8
27 21
21 1
49 26
50 35
30 22
39 21
8 8
8 6
44 35
8 3
22 13
11 3
32 18
8 3
44 2
13 2
17 3
12 2
15 2
27 26
37 19
38 20
23 11
4 4
10 6
47 6
30 16
1 1
46 39
4 3
36 1
50 15
19 5
32 1
16 7
50 3
34 33
26 16
47 20
30 18
27 16
32 30
34 0
42 38
30 5
21 9
49 46
42 2
46 24
5 4
17 12
42 18
25 21
16 14
37 5
39 26
27 10
23 20
1 1
6 2
40 38
30 17
23 21
36 1
39 38
47 10
7 7
31 12
46 7
5 0
1 1
18 15
21 9
15 10
5 4
47 33
22 5
5 4
37 2
21 3
5 2
45 33
2 1
38 9
43 3
18 0
38 2
44 23
34 26
45 44
29 22
13 1
38 7
30 9
23 5
41 38
36 33
2 1
39 28
23 6
22 20
35 3
43 41
35 29
47 22
41 2
30 24
4 3
32 17
11 7
4 2
36 36
40 19
13 1
45 6
36 16
3 2
17 13
13 12
21 6
13 9
20 19
42 4
39 3
26 12
26 13
40 1
29 29
31 3
15 13
15 1
42 2
20 14
35 33
12 8
43 21
11 5
38 18
29 4
18 0
44 15
10 4
29 8
29 18
14 10
15 1
10 4
45 14
2 0
7 3
27 9
16 7
18 17
3 3
50 16
21 5
30 18
1 0
44 4
37 30
33 0
39 21
14 2
18 16
2 1
23 5
37 6
14 4
12 6
7 0
39 34
30 13
30 10
10 8
20 17
2 1
23 21
42 33
19 10
3 0
13 5
46 9
2 0
6 2
35 14
32 12
41 0
18 13
21 8
41 31
22 10
47 1
2 1
27 22
50 7
24 0
15 9
34 1
35 0
16 0
29 15
3 2
9 5
38 35
2 0
23 11
2 2
43 30
20 17
31 21
6 6
13 13
45 15
12 4
15 15
43 12
37 25
39 8
42 40
12 10
1 0
44 26
30 18
39 33
8 6
25 20
32 6
8 6
5 2
16 13
21 17
11 11
17 6
39 7
13 6
2 0
50 17
39 6
27 8
24 8
30 7
29 2
11 2
20 10
19 3
27 8
41 12
39 17
34 30
34 10
11 3
31 13
22 14
50 17
9 7
24 4
44 17
32 10
36 22
14 14
6 6
46 46
22 15
8 7
28 13
9 8
50 34
32 20
40 1
29 17
35 10
50 40
14 10
48 15
36 6
33 22
2 2
12 8
42 31
45 12
5 2
1 1
27 15
19 17
6 1
20 15
9 6
19 5
24 0
21 15
13 0
25 25
40 1
33 28
13 2
26 0
9 4
30 29
34 9
15 5
35 21
16 2
26 23
32 20
12 6
45 44
34 22
43 25
23 8
44 1
37 24
17 2
31 18
41 23
43 31
4 1
34 30
19 17
28 2
44 40
10 7
15 15
50 34
8 3
12 3
31 23
15 13
11 8
24 7
24 10
46 18
16 11
14 7
17 7
19 3
32 11
39 27
20 10
16 3
31 14
2 1
10 10
11 4
22 3
3 1
11 7
19 5
3 0
36 31
2 2
2 1
6 1
42 12
50 15
6 0
46 13
13 1
50 4
23 11
23 3
1 0
26 7
31 10
3 2
33 18
2 1
3 0
21 2
28 14
43 20
27 21
50 5
3 1
12 1
37 25
50 3
40 13
26 0
42 16
27 23
50 10
4 1
40 27
14 13
14 1
20 11
5 3
40 2
32 10
26 7
37 32
23 16
39 0
17 10
48 22
33 6
23 12
2 0
31 27
47 39
20 20
45 0
30 18
30 27
49 2
31 5
45 40
39 32
4 0
47 31
41 16
35 27
49 46
2 0
5 4
32 3
47 15
37 0
2 2
42 24
26 3
14 7
44 30
14 11
41 10
30 27
31 10
19 18
8 7
5 2
47 23
32 20
16 5
18 1
1 0
1 0
26 6
24 15
22 16
12 6
14 7
17 4
43 24
39 2
48 23
40 38
49 30
13 11
2 0
18 0
47 45
29 24
35 3
18 4
50 3
46 2
37 24
36 27
22 9
23 21
31 13
37 12
21 9
26 2
50 31
24 1
2 0
37 16
18 16
18 3
8 5
14 3
28 28
4 0
11 1
4 2
40 17
2 2
11 3
34 5
38 21
7 3
47 6
8 1
17 16
25 10
3 2
4 3
24 18
11 0
43 33
32 21
38 29
24 6
10 2
43 16
49 40
31 2
9 6
13 5
40 26
33 17
17 6
38 27
26 25
7 6
39 21
38 30
36 21
9 7
10 0
16 1
33 5
14 0
30 2
21 6
41 13
10 10
13 3
32 30
24 10
36 29
30 14
7 0
32 11
28 12
2 0
10 0
4 0
37 26
2 2
18 17
40 10
44 21
19 17
23 4
15 0
28 14
29 17
3 0
43 43
40 4
19 15
45 13
34 8
49 33
6 0
12 11
40 36
42 9
50 45
42 31
18 12
29 21
39 23
5 5
30 17
3 0
11 5
20 15
46 10
25 25
14 11
21 10
48 48
25 1
4 3
17 8
21 10
11 9
39 31
14 10
43 16
49 18
2 0
11 1
42 27
50 13
8 3
5 5
31 13
11 0
23 1
23 3
15 1
11 11
22 4
49 1
11 0
35 2
1 1
11 1
15 15
4 1
19 12
3 0
13 11
37 9
40 29
46 9
20 9
42 20
17 8
45 15
27 20
26 22
4 2
15 1
38 21
42 37
44 15
19 18
23 10
39 37
34 32
8 8
46 46
18 17
35 35
36 31
38 5
35 31
17 11
11 2
12 5
39 16
38 32
4 2
48 36
31 11
3 3
17 12
39 17
13 5
13 2
49 4
32 16
18 7
1 0
37 5
50 23
22 17
42 22
24 13
32 16
22 19
3 0
33 23
17 0
10 9
28 10
47 39
19 0
28 19
18 9
1 1
19 18
29 1
40 18
15 11
39 32
24 21
39 5
38 0
26 14
38 11
14 1
8 2
8 7
20 4
25 6
5 2
20 0
37 32
32 14
18 3
44 2
6 1
39 38
49 9
42 36
31 29
49 38
30 17
23 22
5 3
25 21
14 4
39 4
37 0
21 17
43 37
48 8
18 10
25 15
10 3
13 1
29 20
32 2
40 40
32 32
34 3
26 8
8 6
48 40
50 31
41 0
30 29
34 11
50 15
25 17
40 3
34 25
42 13
16 6
49 17
31 0
2 0
37 7
16 2
40 14
39 37
42 32
27 23
9 6
29 15
17 4
2 0
37 12
21 17
29 2
43 39
4 4
24 17
39 28
5 4
1 1
1 0
21 6
24 7
11 7
32 3
20 7
18 13
44 32
46 0
43 9
33 19
41 12
14 14
23 23
48 31
38 17
18 11
44 27
24 5
20 1
46 25
28 0
10 9
29 26
34 9
20 10
48 35
38 23
5 4
36 20
14 4
38 1
32 6
14 12
39 37
37 27
20 20
19 14
42 27
23 10
38 6
5 2
44 25
22 9
3 0
35 12
35 23
24 6
30 5
13 6
6 6
24 6
10 4
10 2
39 5
23 14
47 24
22 16
30 26
12 9
9 4
25 17
4 4
11 9
41 11
48 44
21 20
6 1
39 8
8 4
16 6
23 16
48 14
30 8
34 21
18 6
9 0
32 6
22 4
14 8
18 14
29 8
20 14
32 13
10 3
23 5
31 21
22 15
7 7
20 6
1 0
9 7
28 6
2 1
43 1
24 19
36 20
4 1
50 16
8 8
13 0
20 8
47 42
47 46
37 9
6 1
11 3
34 10
8 1
24 1
15 11
24 11
50 3
50 33
16 4
45 39
4 4
16 13
5 0
20 10
21 8
20 3
48 18
37 19
37 6
29 24
4 3
20 2
6 4
15 13
41 29
5 5
40 4
41 15
41 34
3 0
43 22
23 5
42 23
6 0
21 16
37 20
25 15
7 1
33 19
45 38
1 0
36 13
46 3
28 11
31 25
40 18
37 7
26 15
10 2
16 16
30 17
28 8
30 13
45 22
40 30
49 45
47 42
38 30
23 7
14 7
30 29
23 10
32 4
40 10
39 21
37 18
27 19
25 17
7 5
7 5
7 5
20 12
37 12
39 16
5 0
17 12
31 15
34 0
12 0
6 6
16 3
8 4
9 6
5 1
44 21
4 2
7 7
24 16
14 2
24 13
37 23
1 1
12 4
21 13
7 4
10 2
35 12
28 15
25 20
2 2
41 7
37 5
14 7
43 3
28 8
27 7
2 2
33 14
11 9
24 8
33 33
45 45
38 35
47 38
14 5
15 5
44 19
28 7
44 8
47 35
10 10
48 5
14 9
9 0
30 2
44 4
36 10
18 5
36 8
24 9
18 8
7 0
8 1
24 1
17 5
1 0
30 17
16 12
7 7
17 13
38 4
11 1
32 27
11 7
38 6
13 6
17 5
26 18
21 4
18 14
40 9
32 16
45 34
39 39
50 8
15 9
36 25
45 7
40 16
19 3
42 9
49 3
21 12
37 0
41 6
4 2
22 3
18 3
39 31
20 13
14 3
45 19
48 12
37 31
15 5
2 2
50 28
31 29
20 5
3 1
32 15
42 30
30 17
49 29
45 9
17 13
32 14
8 7
46 40
42 21
41 38
35 11
29 10
23 10
47 37
7 2
4 2
42 22
44 41
10 4
31 3
7 6
9 9
27 1
34 11
23 22
32 30
38 10
15 11
16 15
26 25
2 1
47 28
41 2
31 29
8 0
33 9
20 3
6 3
1 1
22 7
10 3
42 36
23 9
32 0
46 10
17 3
12 9
10 1
34 25
6 4
32 20
43 3
46 39
38 24
12 12
21 9
46 45
37 37
50 42
2 2
36 10
45 16
19 2
26 22
28 18
1 1
32 6
14 10
23 18
33 31
38 23
1 1
11 10
4 3
32 3
3 0
7 6
13 7
12 4
39 24
36 2
49 0
24 22
37 6
7 4
16 7
43 1
3 2
32 7
24 13
42 5
3 3
34 26
10 2
43 12
26 1
38 11
50 11
26 2
17 7
32 19
1 0
34 20
48 18
2 0
11 7
15 15
41 5
17 9
9 4
40 9
33 26
23 18
23 10
31 25
30 26
45 6
27 25
42 37
33 20
26 3
10 2
11 3
28 22
49 37
46 9
36 16
28 18
13 11
27 8
22 0
45 6
32 28
27 17
8 4
27 0
25 12
45 41
1 1
48 4
39 28
30 15
6 0
21 7
4 0
27 4
44 16
20 19
27 4
42 3
49 16
5 3
21 4
34 16
46 9
44 31
40 28
47 9
39 17
40 38
2 0
27 13
12 12
13 4
33 11
50 13
44 2
14 4
46 32
28 24
40 38
45 29
48 43
30 29
49 28
20 7
21 15
8 1
14 7
21 3
21 7
24 17
16 2
45 1
25 6
7 0
3 2
6 0
15 3
28 21
42 31
23 10
42 10
2 0
15 7
29 10
11 3
28 7
33 31
36 10
26 6
12 2
47 4
12 5
29 26
24 5
39 0
47 12
44 11
38 23
22 6
11 3
49 18
25 22
35 30
26 10
47 26
38 20
24 3
18 13
46 37
32 26
41 18
47 26
46 1
30 4
9 1
12 2
45 10
8 7
49 45
3 0
14 5
17 5
38 3
25 11
45 15
13 12
14 6
47 27
18 8
44 11
39 12
43 3
5 3
8 3
15 4
44 42
48 48
44 9
15 9
15 7
35 29
18 11
10 2
1 0
26 13
41 25
24 0
4 2
35 9
42 6
37 16
46 14
44 36
45 2
45 26
43 18
41 10
5 1
38 25
5 5
3 1
17 8
35 3
48 48
7 1
31 13
15 7
3 3
24 1
5 5
17 7
21 12
22 18
21 18
14 6
13 11
35 16
21 14
45 1
32 17
41 7
13 4
36 8
30 24
28 12
43 2
26 13
2 0
1 1
17 6
8 5
45 8
38 8
7 4
2 1
17 8
32 11
34 2
26 16
50 28
36 31
2 2
21 7
16 4
17 4
16 11
45 7
24 23
21 14
20 2
14 9
29 3
42 3
28 2
34 6
11 5
29 4
30 20
28 20
10 5
9 2
36 15
5 5
1 1
22 3
31 26
48 7
20 15
44 40
47 19
38 5
34 7
17 11
40 4
31 29
1 1
27 2
21 12
35 13
7 5
30 4
2 2
22 21
36 3
29 7
46 40
45 27
24 6
22 10
23 22
4 2
13 13
29 5
25 14
21 6
14 4
3 3
38 37
7 3
20 11
6 5
6 1
20 16
17 12
7 0
43 35
18 14
43 29
22 19
34 5
44 22
18 8
18 14
4 2
22 0
20 20
14 6
44 8
30 25
29 21
29 24
19 7
2 0
25 18
15 7
27 20
29 10
38 10
17 7
39 17
34 10
41 23
50 41
45 9
43 14
6 5
27 20
31 30
33 9
1 1
41 15
23 8
17 15
26 21
21 13
20 19
32 4
16 7
39 32
43 28
21 18
35 21
39 34
45 23
29 21
39 12
30 20
2 2
19 11
34 27
26 14
35 4
2 2
13 2
10 10
11 0
9 1
47 16
42 10
30 22
16 16
33 3
26 18
33 0
23 18
47 32
39 22
6 4
49 24
19 11
30 16
17 4
15 5
35 2
42 8
35 6
25 9
15 4
24 18
4 2
30 4
30 16
26 18
22 16
35 17
28 3
23 14
25 1
4 2
17 15
17 8
27 1
39 34
10 4
46 26
46 44
31 24
17 7
19 6
19 8
10 2
5 3
1 0
30 15
44 4
19 6
45 2
47 19
5 4
49 49
5 0
13 8
49 26
16 15
27 19
27 18
21 21
23 8
25 21
5 3
28 8
10 5
31 7
15 4
38 36
24 13
45 8
22 14
9 5
14 9
11 8
16 9
49 42
13 8
22 4
25 11
22 0
43 17
19 7
45 39
26 8
48 1
20 7
30 11
42 18
46 0
3 2
4 2
37 34
43 19
31 16
39 0
21 8
43 16
42 42
45 42
20 11
42 3
7 7
10 2
28 21
11 4
41 9
36 19
25 25
26 7
3 1
15 14
30 1
32 11
18 3
38 25
37 37
13 13
18 13
41 31
31 15
47 14
23 13
22 13
15 5
47 29
36 8
5 1
40 30
15 15
45 23
7 1
33 8
4 2
50 4
7 3
39 31
30 29
44 11
37 21
4 3
28 2
3 0
49 47
50 17
8 0
2 0
46 21
7 3
6 5
8 3
37 31
39 6
21 21
4 0
31 18
34 5
17 12
45 11
36 21
6 1
48 24
8 0
48 47
34 10
4 4
49 27
13 11
25 12
32 27
47 15
34 3
39 23
21 9
1 0
15 6
24 19
31 27
9 1
43 0
10 8
41 9
18 7
4 3
15 11
7 4
25 14
7 5
25 5
30 9
23 14
28 22
17 8
5 0
14 14
20 12
16 14
6 6
47 37
38 24
39 26
47 15
1 0
26 0
46 4
14 3
13 1
28 10
22 21
21 21
6 0
21 14
36 17
12 12
6 1
36 16
23 16
8 3
19 16
38 16
37 31
18 4
39 4
34 26
11 7
15 5
39 34
1 0
13 8
41 19
33 9
34 25
39 36
43 17
31 26
2 2
32 13
11 7
26 17
16 15
43 38
49 29
41 17
30 17
22 13
39 31
37 2
9 4
22 21
30 0
17 16
27 17
20 11
40 14
27 18
50 14
29 13
23 13
42 23
4 4
4 1
6 2
33 24
4 0
50 7
27 6
36 1
8 8
17 3
2 2
31 23
37 33
16 7
7 3
36 3
34 30
21 1
36 24
9 7
26 23
33 1
13 8
50 15
10 7
24 11
32 22
40 15
2 2
13 1
37 2
33 6
9 0
48 11
24 2
50 37
13 8
11 8
5 3
39 24
45 27
26 5
47 43
36 7
21 3
29 9
2 0
25 13
45 31
8 4
16 0
29 5
11 2
15 7
41 32
46 10
41 25
41 39
32 30
3 0
47 36
35 29
21 2
17 15
18 10
27 19
27 0
31 1
7 1
17 0
19 8
1 1
23 16
30 0
23 0
29 24
32 30
48 39
12 8
36 1
5 3
38 33
38 30
9 0
35 4
2 1
18 3
28 1
19 13
42 21
14 12
14 9
19 19
31 23
47 21
4 4
39 18
2 1
19 17
47 28
25 1
30 18
9 8
9 3
18 18
29 1
9 7
20 4
28 24
43 6
29 7
25 23
15 9
34 30
39 39
21 16
31 24
2 1
1 1
13 8
20 5
22 1
38 28
46 33
31 1
37 15
9 8
1 0
31 23
21 12
2 1
6 0
32 17
7 4
10 4
32 18
26 7
35 27
23 0
23 6
8 2
15 10
42 38
6 1
12 5
36 33
20 19
42 8
13 5
46 17
25 22
26 12
12 1
7 0
48 33
1 1
35 24
24 2
49 7
42 24
41 35
43 10
4 2
13 7
18 6
23 11
13 8
46 17
26 7
15 14
50 47
32 21
4 1
14 12
17 17
12 7
1 0
40 9
9 5
25 17
1 0
5 1
18 11
7 6
3 0
31 5
31 11
45 17
47 36
9 0
43 26
44 20
46 7
31 2
11 11
31 2
1 1
50 15
11 2
46 34
30 1
29 1
37 11
20 14
2 2
16 4
40 14
17 16
11 5
45 10
45 2
45 34
34 20
37 7
4 2
13 11
24 22
10 8
18 5
22 10
45 35
45 43
37 33
22 13
47 34
40 34
5 3
11 3
9 8
17 0
40 35
30 9
16 15
31 13
10 10
1 0
24 17
21 4
7 7
30 17
48 24
42 40
1 0
8 4
18 7
4 1
1 0
18 7
46 42
8 1
27 27
22 20
5 2
29 0
41 17
13 10
1 0
11 2
43 26
12 4
2 1
17 9
5 1
41 40
26 13
20 9
32 3
30 9
48 23
20 8
42 7
38 19
23 6
17 8
29 4
24 7
9 2
25 15
17 12
46 42
47 39
43 12
49 14
10 2
42 19
41 30
1 1
44 38
30 30
47 15
37 25
35 6
15 6
47 23
1 1
7 0
25 0
46 41
31 21
35 16
48 27
10 0
20 13
36 30
31 2
38 16
32 8
42 21
42 26
41 5
32 5
22 17
18 15
41 15
2 1
26 9
28 27
2 0
3 3
27 3
5 1
14 5
25 11
28 17
45 4
34 17
6 2
23 12
28 18
48 4
29 25
34 15
43 15
10 10
5 4
3 0
30 19
43 8
25 16
38 5
40 34
46 22
43 5
34 32
46 28
34 11
49 25
23 12
10 1
24 9
17 9
4 2
1 0
15 4
3 1
23 21
5 4
29 8
44 26
15 4
11 5
16 12
45 44
28 15
33 10
45 29
48 43
49 37
25 10
16 7
24 8
32 0
1 0
35 13
29 27
4 2
48 3
24 19
20 18
7 0
46 11
41 38
5 5
20 11
32 4
1 0
43 22
27 20
14 9
33 10
28 11
30 27
27 5
15 7
14 4
6 0
36 7
18 10
14 8
46 39
6 0
34 33
8 3
15 5
17 0
50 36
30 16
39 22
30 0
20 13
3 3
17 11
14 7
41 30
4 4
16 12
37 26
45 38
38 29
6 0
13 7
17 2
3 1
48 6
50 19
33 20
18 12
5 0
32 6
13 4
31 19
24 11
12 2
50 41
48 45
29 25
44 38
4 2
25 9
13 3
9 0
29 8
44 13
4 4
25 3
31 31
36 13
26 25
1 0
16 6
2 1
50 44
30 0
31 4
38 22
11 8
13 13
39 34
45 15
46 16
22 0
22 2
31 25
28 20
5 2
7 0
26 25
42 9
45 43
46 15
46 18
24 21
11 6
38 8
41 37
46 33
13 8
31 28
16 14
39 0
19 18
11 5
49 39
34 9
25 1
47 5
28 16
13 6
27 9
12 4
7 6
37 24
25 15
41 39
23 23
29 14
35 28
32 1
47 22
19 16
44 34
40 15
17 7
6 3
40 0
39 27
40 26
17 14
42 13
7 7
12 9
19 5
48 25
21 7
22 1
14 9
34 11
10 5
43 20
1 0
36 35
6 2
12 9
36 15
32 17
49 6
20 5
49 31
40 10
31 0
27 11
13 11
7 4
6 0
16 14
4 4
38 1
25 14
32 17
19 19
50 43
38 29
4 2
16 0
19 1
19 5
22 6
32 24
27 16
20 5
32 8
14 11
29 1
15 9
18 5
50 25
38 23
50 30
11 2
34 17
49 33
27 7
20 13
27 22
16 16
28 17
32 10
47 20
17 17
8 3
27 3
34 9
3 0
28 12
13 13
5 4
14 13
4 4
46 18
25 21
31 13
32 17
33 3
29 29
41 27
28 2
21 11
16 6
8 5
40 30
3 2
4 4
37 33
42 11
21 16
2 2
45 15
2 1
12 12
13 9
40 40
3 2
23 6
47 5
49 31
12 6
46 9
16 15
48 18
6 4
11 7
43 6
18 17
43 9
20 13
29 16
30 29
34 0
34 11
14 12
42 42
47 19
30 25
37 28
36 16
43 25
37 3
3 3
17 6
14 7
13 6
42 41
44 3
42 6
24 3
18 5
31 8
44 21
22 0
50 29
29 16
4 2
33 13
38 35
21 4
42 9
18 17
40 14
24 21
4 3
8 7
16 13
30 8
21 2
3 0
14 7
30 13
30 10
32 8
7 5
30 11
29 13
8 3
9 8
45 44
38 34
47 42
24 19
3 0
33 1
26 22
30 11
44 5
17 6
6 0
3 2
45 38
20 9
2 1
14 10
15 5
43 17
15 0
38 11
39 14
30 28
50 25
32 20
7 2
15 14
5 2
6 4
24 6
2 2
36 16
2 2
46 12
20 17
12 12
35 17
6 4
15 14
43 0
34 11
36 19
23 5
14 6
18 5
19 15
29 18
49 4
2 0
42 39
37 9
31 21
46 7
5 5
8 1
11 4
34 25
9 4
12 8
42 2
3 2
41 28
36 19
2 2
46 1
16 10
32 25
18 1
33 21
34 11
16 13
40 7
13 6
15 9
38 1
20 1
43 22
18 6
21 18
11 7
27 2
48 11
14 6
2 1
25 10
40 40
43 41
48 11
41 0
9 7
34 30
6 2
13 11
44 31
40 15
5 3
41 23
43 30
6 6
24 11
30 5
31 0
43 3
47 36
42 34
41 36
47 16
18 17
20 12
9 5
36 1
22 21
7 4
12 3
8 1
26 4
45 45
3 3
23 17
12 12
16 14
36 8
38 17
29 26
32 10
23 19
50 1
17 2
13 8
39 38
48 28
44 29
42 27
36 1
15 7
38 30
4 4
41 31
28 9
43 14
40 37
34 26
4 0
3 0
34 27
2 1
30 13
36 35
30 10
6 3
4 1
41 0
16 9
6 6
25 6
2 0
37 22
45 31
26 18
15 4
41 11
45 2
44 11
40 29
4 3
33 28
36 35
37 4
50 39
27 22
28 18
19 19
7 1
35 26
19 5
26 18
8 1
7 5
19 9
7 1
16 9
39 31
38 9
12 4
16 6
44 20
38 8
44 43
36 12
3 1
26 12
27 5
45 10
45 18
48 31
14 5
27 10
48 30
9 6
43 2
33 4
38 37
23 19
50 41
33 21
11 4
48 36
23 4
40 9
42 7
6 5
2 1
19 13
5 0
22 12
31 9
4 1
22 19
23 13
14 12
21 18
12 12
25 5
15 10
18 12
6 2
35 35
48 2
42 39
6 4
35 3
35 19
5 0
6 1
15 12
19 10
41 25
7 7
31 22
49 9
27 9
14 14
41 16
18 16
41 11
13 10
43 35
30 26
22 5
28 5
13 0
25 25
44 10
42 23
39 29
31 6
28 13
30 28
46 24
37 33
19 6
50 26
9 3
7 7
12 12
15 11
32 29
7 0
45 8
42 26
35 17
12 6
33 24
15 1
25 13
26 14
45 37
32 9
32 19
14 3
10 8
47 3
25 22
18 13
12 4
3 1
44 40
17 6
36 19
37 6
46 32
3 3
30 19
5 1
10 7
15 10
7 7
44 19
27 6
36 10
12 7
20 3
21 3
28 16
46 11
45 25
45 43
40 25
30 21
17 16
36 1
13 10
18 10
29 9
37 3
22 20
44 22
20 20
45 2
19 1
49 40
26 22
43 11
11 4
33 31
29 21
37 33
26 24
36 0
15 13
35 9
22 20
41 28
47 35
38 29
26 20
39 15
48 36
21 8
35 8
50 12
9 5
16 8
41 1
15 12
42 13
42 16
44 18
1 1
49 18
9 0
5 3
8 0
43 21
43 28
21 6
5 5
42 1
46 23
30 12
42 42
4 2
36 15
28 5
5 2
27 26
16 13
44 34
17 3
31 25
23 17
19 3
13 2
24 19
17 10
27 22
25 1
26 18
33 14
17 17
23 18
18 2
7 4
10 9
39 25
47 3
25 8
33 7
45 18
42 22
25 9
38 28
45 1
50 37
31 4
27 5
50 13
31 16
15 12
46 30
11 10
19 0
2 2
19 4
43 35
38 1
18 1
14 1
25 16
24 18
46 41
39 1
27 3
27 22
37 14
17 17
25 3
39 12
10 0
48 26
18 14
49 29
44 14
38 16
40 15
15 0
15 3
3 1
19 7
2 2
22 9
15 9
18 3
35 2
29 28
49 23
21 0
35 0
14 0
7 3
18 3
15 6
45 23
43 20
49 23
41 7
25 15
25 3
33 33
50 35
41 11
9 9
4 1
50 25
31 4
8 4
43 27
7 5
5 5
30 25
13 12
47 26
13 9
24 9
30 12
25 24
6 1
36 22
8 8
39 16
2 1
3 0
16 10
48 18
49 9
29 4
1 0
36 22
16 13
32 26
16 14
23 9
22 0
23 20
48 13
10 9
35 0
29 10
8 4
8 1
12 0
46 42
12 11
31 15
22 1
4 3
44 39
36 12
16 10
16 9
30 14
50 1
48 22
50 10
13 1
11 1
17 10
44 20
45 30
43 26
47 6
2 2
32 31
36 29
17 3
22 0
6 4
30 16
4 1
22 10
7 1
8 6
24 17
40 21
22 14
7 0
30 0
24 8
48 11
38 31
14 12
16 15
8 2
24 6
10 2
25 6
47 12
47 4
8 5
6 5
17 4
47 21
44 11
49 48
14 10
27 22
25 24
24 2
20 7
20 18
45 36
12 10
19 14
24 11
23 18
2 2
28 9
11 4
13 5
5 1
31 14
38 20
44 3
48 9
34 33
46 45
16 13
5 2
46 10
10 7
35 20
16 14
24 22
43 18
38 0
16 13
37 26
10 0
22 1
36 34
4 2
19 18
38 24
39 27
49 19
39 21
21 0
46 5
4 4
20 17
4 0
11 10
34 8
20 16
21 16
43 4
15 14
50 30
37 14
50 22
45 36
45 34
28 15
47 46
17 2
40 7
30 0
39 23
42 30
41 1
36 12
48 42
5 5
30 16
25 11
43 21
48 36
8 5
33 5
39 1
1 0
8 6
2 1
43 43
12 11
13 9
25 9
12 2
24 3
46 42
38 23
2 2
38 16
26 0
5 4
7 3
6 1
40 38
48 4
13 8
3 2
36 26
14 12
32 22
13 6
44 26
36 24
42 30
23 4
15 4
25 9
47 47
40 34
22 22
4 4
18 16
47 10
20 5
16 2
18 5
37 29
27 1
37 14
28 19
40 6
23 13
50 41
33 18
15 5
48 14
39 30
23 20
10 10
10 1
39 19
41 4
21 13
21 3
36 17
4 3
13 2
14 5
25 16
6 3
1 1
47 21
44 36
39 32
44 21
46 43
36 3
40 12
49 12
7 2
15 7
30 6
4 3
47 21
37 8
24 1
28 13
13 8
16 1
46 33
24 12
38 0
19 6
24 15
1 1
17 9
16 8
43 19
8 8
44 5
46 29
15 4
13 13
47 15
30 27
3 1
9 6
48 21
34 13
20 3
28 16
22 7
11 3
3 0
48 47
37 5
21 1
31 21
34 31
39 16
20 4
23 4
45 0
15 0
47 28
4 4
40 3
33 13
26 26
40 13
23 14
34 9
27 2
37 14
14 10
36 9
14 14
40 23
15 3
16 12
2 0
37 21
46 1
43 17
36 5
19 0
46 26
6 4
8 6
29 8
37 3
32 14
3 1
19 0
44 16
40 9
2 1
14 6
22 22
19 15
9 2
49 48
1 0
49 40
43 8
4 4
9 1
8 5
31 23
22 4
20 9
13 2
20 7
42 12
38 27
3 2
30 8
44 25
23 14
18 6
25 9
49 18
12 7
8 4
47 37
14 1
6 4
35 2
30 1
2 2
25 22
17 11
10 7
22 16
40 27
42 22
40 15
8 3
15 2
10 4
30 15
31 1
27 17
12 12
46 19
46 5
41 39
14 9
13 11
42 38
33 24
36 27
39 21
21 12
50 32
16 1
9 0
9 3
26 16
9 0
21 5
18 8
19 19
12 9
32 4
27 1
7 3
8 0
45 44
48 41
29 2
4 2
15 3
1 0
25 17
38 7
1 0
15 4
2 2
39 29
27 24
24 21
10 10
3 0
12 3
11 3
34 20
35 0
45 40
20 11
8 0
23 23
47 12
43 36
1 1
20 19
45 43
43 3
50 44
13 1
13 10
42 37
9 9
17 2
33 10
7 3
39 29
33 15
28 26
4 2
50 17
11 10
42 6
41 20
48 41
30 6
18 5
16 11
37 2
50 0
35 19
1 1
6 5
3 0
35 2
30 24
18 9
32 18
18 13
38 30
4 2
24 24
36 30
34 26
42 30
22 7
36 22
20 16
24 7
23 11
40 37
38 28
45 9
6 3
3 3
38 7
39 0
12 4
27 2
7 4
5 1
38 19
10 10
17 0
10 9
39 10
19 5
18 0
11 5
34 26
19 7
45 7
29 20
45 15
31 14
23 2
49 10
44 4
32 15
20 0
9 9
10 3
39 25
14 4
23 6
44 34
42 31
8 1
21 11
47 29
18 9
39 17
28 2
37 26
7 3
32 14
15 12
40 37
13 8
14 3
31 15
1 0
12 3
27 12
19 10
9 4
26 8
46 10
23 16
22 7
41 5
17 6
35 11
44 3
21 21
44 12
19 16
38 28
2 0
26 11
12 5
49 28
3 0
28 12
14 12
26 2
3 2
31 11
49 26
41 20
49 44
28 19
1 1
27 23
34 30
8 8
16 2
34 14
29 10
36 28
13 0
27 5
36 1
1 1
5 4
36 12
4 1
17 0
40 37
33 29
13 8
29 0
26 2
29 15
36 6
45 11
28 3
18 15
29 4
6 5
20 15
42 13
5 0
47 32
38 20
48 41
42 20
40 21
38 23
13 4
40 17
36 13
44 5
20 9
18 7
8 4
23 8
26 12
44 32
24 8
18 2
31 6
4 4
13 9
5 4
15 12
10 2
46 23
23 10
26 13
43 35
3 1
41 27
9 0
30 23
34 6
20 18
17 5
23 20
17 8
4 3
50 4
27 16
11 11
17 10
15 12
44 32
8 5
50 5
27 22
35 16
2 2
4 4
32 4
38 16
37 20
21 15
21 18
2 1
14 12
46 37
38 31
19 18
39 32
22 18
1 1
7 0
24 3
39 22
7 7
30 25
49 39
17 6
1 1
28 18
2 2
35 10
50 22
35 25
27 26
16 3
40 26
41 23
31 2
33 23
1 0
26 21
47 20
47 20
49 46
17 10
7 5
1 1
20 6
17 11
45 18
38 38
28 19
11 0
46 11
30 19
6 4
38 5
48 24
23 9
16 13
45 23
38 6
19 12
12 3
43 18
12 1
2 1
36 22
11 8
19 2
23 16
42 23
38 25
10 3
44 15
46 7
6 2
20 2
36 30
19 2
10 7
20 3
33 10
12 7
40 28
44 32
14 3
10 1
18 4
5 0
10 3
24 22
6 0
30 20
41 18
44 22
30 17
41 17
35 17
25 10
19 18
43 28
1 0
48 31
12 0
39 19
50 4
7 2
22 20
6 3
14 8
27 25
5 2
14 10
40 12
28 8
9 0
24 24
25 3
1 0
38 17
38 23
42 30
27 20
50 25
27 5
35 11
37 12
41 15
34 14
10 9
25 7
20 20
39 5
2 1
10 7
36 16
46 39
19 19
50 49
14 1
50 8
49 3
14 9
46 38
49 30
35 31
50 20
36 31
12 12
23 17
47 42
7 3
22 21
32 10
30 9
14 6
5 1
13 13
25 12
31 31
15 7
35 7
1 1
32 24
28 26
20 15
19 1
49 35
27 21
25 15
49 28
34 12
9 1
33 10
21 15
28 10
8 3
3 0
2 0
26 16
21 4
49 44
30 22
42 39
13 0
46 35
33 3
28 0
36 27
8 3
23 19
16 2
29 3
34 18
20 0
48 32
45 18
13 3
3 3
32 0
40 4
28 7
2 2
34 16
23 10
23 20
11 8
31 6
22 17
23 5
22 17
20 20
3 0
7 5
25 21
5 2
44 17
41 16
13 8
38 6
11 10
1 1
29 26
9 1
47 26
36 35
3 0
30 11
7 5
44 31
26 10
48 41
36 4
40 18
8 4
11 11
42 26
28 13
42 41
12 8
18 3
3 0
28 24
29 28
31 21
33 33
21 14
45 1
33 4
29 14
15 13
17 0
36 0
46 26
12 2
14 7
8 7
28 4
14 9
8 5
46 29
19 6
37 16
30 27
48 23
46 9
48 17
6 4
21 2
3 3
23 18
17 16
46 18
11 3
12 1
39 21
1 0
10 0
29 5
25 25
27 2
4 4
16 6
17 5
15 5
19 19
38 13
35 1
49 3
5 2
11 11
35 14
19 9
26 11
35 11
28 28
31 26
45 28
4 4
49 28
12 8
30 5
46 26
10 3
13 9
47 9
13 11
47 33
10 10
26 11
2 0
15 6
31 16
50 7
47 46
30 27
13 11
24 9
24 14
45 37
2 1
48 27
16 15
22 2
34 5
48 14
31 9
3 1
23 7
19 0
46 38
36 9
9 9
1 1
35 6
6 4
10 9
45 31
28 15
25 7
18 4
36 4
41 10
46 12
41 2
17 15
42 40
34 27
31 28
22 11
29 23
28 28
14 9
24 3
44 40
15 2
50 38
15 5
40 27
24 6
14 4
15 2
37 30
14 11
15 5
42 27
39 22
21 6
1 1
16 2
24 1
27 12
22 19
34 15
19 7
24 15
38 25
50 30
31 12
32 1
4 1
44 12
42 37
25 9
24 19
9 0
38 30
39 13
9 6
40 31
39 16
32 8
46 27
43 9
19 6
35 26
12 8
41 26
48 28
34 16
49 17
30 28
29 21
42 21
6 2
12 10
50 9
18 2
19 7
37 7
26 22
22 5
32 11
11 1
17 1
37 11
20 16
31 16
29 10
14 8
19 1
7 7
29 0
30 0
26 9
14 1
4 2
24 20
17 10
34 3
47 31
5 0
22 1
31 19
46 4
18 6
45 24
7 1
26 25
46 0
46 37
28 20
30 21
37 8
8 2
4 3
27 11
42 29
18 9
4 2
32 7
43 0
16 8
15 13
24 4
41 9
14 6
13 5
33 32
2 2
29 19
24 1
20 5
26 24
39 14
40 27
4 3
24 1
28 19
37 2
22 2
5 4
49 10
36 0
6 5
13 11
3 2
42 5
12 1
22 6
28 11
7 3
39 8
21 18
36 33
20 8
19 14
50 34
6 6
34 17
10 4
44 17
25 25
40 23
11 2
43 37
13 11
4 0
9 4
50 14
27 26
47 44
17 5
39 12
43 36
46 46
2 0
26 5
3 3
4 0
17 10
26 12
32 11
39 13
23 5
40 29
10 3
21 6
47 36
10 1
38 19
31 6
15 14
2 2
20 3
13 13
26 16
8 3
14 5
49 0
48 25
45 2
6 0
42 20
4 4
36 5
11 8
16 11
31 14
29 13
26 5
19 14
16 10
4 4
19 18
27 27
31 30
19 2
41 12
23 10
34 32
35 26
31 10
5 3
19 3
18 12
27 5
13 13
32 4
32 23
4 1
28 24
35 29
21 20
50 25
30 21
20 1
7 3
6 6
38 16
49 5
23 21
35 14
3 2
4 4
18 6
4 1
13 3
22 17
16 15
40 31
22 17
46 6
46 43
20 3
15 12
26 26
48 45
11 1
34 19
49 9
4 3
16 1
33 7
43 32
9 8
45 21
11 2
18 4
16 2
28 14
30 14
29 18
27 27
13 10
43 8
16 9
21 10
43 43
18 7
50 2
45 24
7 4
5 4
4 2
19 0
50 32
45 30
43 41
45 39
27 0
25 1
20 14
22 20
30 24
3 2
26 4
37 17
28 6
35 13
20 19
16 2
14 12
12 10
17 11
46 13
31 9
10 5
36 32
3 2
15 15
7 5
40 12
49 45
7 2
46 28
42 20
26 0
10 6
26 1
5 3
36 17
12 9
25 3
23 8
21 16
17 6
28 8
48 35
11 4
47 26
48 18
2 1
5 1
11 4
50 12
11 9
32 18
33 7
26 8
48 20
5 0
21 4
10 6
19 10
29 15
30 4
10 3
8 1
39 16
39 32
28 11
1 1
11 1
30 14
11 9
30 10
9 1
31 14
19 3
30 2
14 5
35 19
36 17
39 19
1 0
7 7
30 3
33 10
43 16
18 7
17 1
9 3
29 15
16 8
44 30
23 3
4 0
46 39
18 5
17 7
27 8
31 25
49 0
46 6
1 0
7 0
20 9
38 6
49 45
20 17
43 2
26 19
46 21
32 24
21 6
12 2
12 8
9 1
32 16
42 10
38 21
39 30
28 14
35 35
40 0
7 6
28 9
29 0
16 8
35 25
3 3
15 7
24 1
4 2
1 1
2 0
16 0
35 33
31 11
19 7
36 2
8 4
34 28
28 25
25 9
34 12
8 0
41 39
9 8
15 15
14 6
47 8
6 5
34 4
9 2
12 12
13 4
31 20
11 5
12 9
4 2
43 29
15 4
14 12
6 6
6 6
3 0
26 15
10 8
45 10
14 5
16 14
12 0
24 22
13 8
28 19
42 35
41 31
36 7
50 39
21 2
19 3
40 14
33 3
25 3
23 21
25 18
12 0
1 1
6 4
16 4
5 5
34 15
6 0
10 9
31 9
3 0
47 14
18 4
27 25
41 37
41 22
10 7
17 17
4 3
46 42
14 5
43 10
44 5
19 14
11 10
14 5
17 8
34 22
29 10
18 16
50 21
21 20
5 3
29 28
39 7
8 3
32 17
24 7
36 17
31 3
13 9
48 31
32 27
42 24
49 46
8 3
33 3
16 0
30 1
40 28
39 2
29 12
3 3
47 36
32 8
12 2
38 30
3 3
20 17
1 0
6 6
49 9
23 19
25 20
50 14
18 1
25 25
24 8
13 0
10 10
33 27
35 5
46 2
27 19
11 4
15 12
27 14
14 5
29 3
1 1
24 16
23 9
20 11
11 11
15 0
25 2
43 4
43 19
14 1
8 0
3 3
9 2
30 5
44 22
9 6
48 24
30 21
12 2
48 30
10 6
47 8
44 18
33 32
20 16
38 33
37 8
22 19
43 39
31 3
35 33
37 26
37 34
29 20
7 2
25 5
3 3
13 7
9 3
38 35
30 13
1 1
44 15
32 30
8 5
15 10
38 23
37 7
10 4
44 11
35 7
45 14
14 6
2 1
24 19
20 15
44 28
17 9
19 8
19 14
19 5
14 11
36 14
34 0
46 36
21 11
15 14
37 22
18 1
24 16
21 16
49 41
23 3
45 23
48 7
16 9
8 0
40 37
35 11
21 1
50 30
30 10
28 9
14 9
14 8
25 6
14 9
15 9
44 1
10 3
50 27
45 22
50 22
39 8
1 1
30 25
21 17
2 0
27 9
5 1
47 19
40 31
16 4
3 1
48 11
6 1
18 11
25 21
40 0
2 1
31 20
36 16
15 1
22 0
41 13
21 21
30 10
8 0
43 3
22 5
25 6
48 9
37 33
23 19
19 16
18 10
30 8
41 7
45 42
30 8
32 2
14 9
19 2
21 4
9 9
6 0
20 8
24 21
24 10
29 3
1 1
42 2
36 36
6 0
16 0
29 25
23 9
46 7
11 5
38 1
15 8
28 9
6 1
36 5
45 31
2 1
8 8
49 12
40 24
32 11
8 5
39 17
27 19
48 1
46 0
29 18
33 2
11 1
5 2
3 3
39 21
46 13
22 13
5 2
38 7
3 3
40 12
21 9
11 3
46 26
31 24
11 0
22 16
21 18
22 12
33 0
10 3
49 44
38 18
50 17
50 42
33 18
39 19
50 46
26 23
47 32
24 2
35 12
38 17
23 11
22 22
37 14
49 18
5 5
29 7
35 15
46 5
12 12
38 16
24 19
28 24
29 27
23 13
25 10
37 7
15 1
30 22
26 9
20 2
11 2
33 28
46 46
12 12
38 15
27 15
7 7
44 43
48 37
9 3
20 7
34 25
34 24
35 31
8 8
35 0
49 10
34 28
22 22
12 7
44 41
2 2
34 6
37 10
32 32
23 18
38 5
27 21
6 1
16 8
31 15
3 1
8 6
29 19
13 7
37 11
48 47
14 4
14 13
13 8
40 14
36 12
18 12
47 15
24 7
46 27
36 32
6 3
41 33
22 13
25 24
50 46
39 30
22 20
3 3
25 11
48 33
33 8
34 3
18 0
44 1
18 6
8 6
50 49
49 16
12 4
30 18
18 18
24 15
29 22
33 27
6 3
36 29
40 31
25 20
31 31
8 0
23 12
10 2
12 2
18 11
14 10
2 1
31 14
13 12
2 1
46 24
10 3
48 9
37 10
32 13
45 39
32 20
19 7
40 33
16 11
23 11
47 9
33 27
25 25
32 21
9 3
14 4
33 2
28 12
25 6
28 22
17 5
43 26
34 11
12 5
42 29
26 1
12 12
33 12
49 43
46 37
40 17
35 18
38 6
46 17
12 3
29 24
46 36
42 17
16 3
5 0
23 7
44 41
13 7
8 2
21 13
36 30
15 9
49 34
19 5
44 10
20 8
16 15
11 1
28 4
10 0
31 5
23 6
28 15
24 16
5 4
14 6
4 3
33 7
43 1
38 5
5 0
27 15
40 13
39 5
11 10
29 23
14 2
2 1
41 10
18 18
22 16
49 9
22 2
10 3
31 1
11 4
32 28
28 2
4 3
45 31
34 29
23 1
23 3
19 3
3 0
10 0
36 1
34 5
24 11
3 0
9 9
17 3
39 38
38 38
50 10
8 3
16 1
47 18
27 11
28 12
41 38
36 36
2 2
44 17
44 11
7 0
27 3
36 21
7 6
29 3
11 11
25 24
17 5
43 0
12 2
41 33
21 12
18 12
24 11
40 13
47 36
13 2
46 23
29 24
6 3
37 31
34 5
11 6
12 11
48 43
22 15
30 12
46 41
36 19
23 1
32 18
35 20
30 1
42 24
49 44
10 1
16 7
17 0
36 28
28 27
6 5
5 4
43 32
35 30
42 34
9 6
9 1
23 15
18 5
39 8
22 0
31 20
15 6
14 3
5 3
27 4
47 16
12 5
29 29
27 3
24 15
5 3
33 6
40 39
35 30
7 1
25 22
35 12
20 14
35 8
20 18
43 42
49 48
17 16
32 19
24 20
20 17
13 10
7 5
15 2
27 9
5 3
37 5
42 17
43 43
19 10
7 4
2 1
7 3
36 29
4 3
8 2
34 33
50 6
33 27
3 0
49 37
44 10
37 30
2 2
30 13
25 14
30 4
15 3
40 17
42 29
4 1
10 4
23 5
38 26
49 30
33 27
14 9
38 25
40 23
39 9
27 2
48 33
28 20
23 8
8 5
21 14
9 2
49 28
29 28
42 15
9 2
27 24
13 10
18 0
20 18
20 11
45 32
12 1
4 1
27 13
24 4
27 13
45 27
42 27
37 36
42 3
19 7
39 6
26 25
47 1
32 12
27 12
43 42
32 11
32 17
15 7
7 6
4 2
7 2
13 4
19 12
33 3
24 13
47 11
14 6
2 2
12 5
12 7
11 8
2 0
25 10
3 1
43 42
18 6
23 3
17 4
3 1
16 2
14 3
34 16
46 25
37 6
44 34
25 18
21 3
25 5
15 4
10 5
24 2
44 9
13 13
19 12
49 33
11 7
6 4
23 16
44 11
11 4
43 36
23 20
20 3
42 33
36 11
44 31
38 18
45 10
9 7
14 8
18 1
29 7
7 2
27 9
43 36
33 27
33 16
26 23
41 34
35 23
31 11
34 30
47 10
48 4
28 17
5 2
7 7
37 28
2 0
41 12
33 31
5 0
46 27
8 4
31 5
38 18
11 3
30 1
39 32
25 0
31 18
17 15
42 31
11 2
7 1
42 3
13 6
28 14
35 11
4 2
11 11
49 30
8 8
30 22
30 10
1 0
20 14
6 2
18 5
31 31
45 10
10 7
38 18
11 0
39 10
16 8
42 5
4 2
14 4
10 5
34 13
3 3
7 2
1 0
41 29
39 3
17 7
39 10
35 24
8 7
12 11
28 26
25 5
22 1
28 0
35 33
28 16
31 22
35 34
16 7
37 7
1 1
16 5
20 1
23 6
27 27
11 0
45 43
29 3
2 0
6 2
46 46
20 18
14 8
47 25
47 10
29 19
19 0
9 9
33 5
39 26
1 1
29 6
3 0
4 3
9 3
17 11
7 7
35 27
29 13
19 14
13 8
45 21
11 4
2 2
38 5
20 9
28 16
34 19
43 17
15 2
21 15
7 1
21 1
6 3
43 8
6 6
43 30
25 19
38 12
27 6
4 4
21 11
43 20
4 4
50 15
6 2
40 33
37 2
6 1
8 4
10 6
19 17
30 4
36 6
12 9
33 20
20 1
6 1
40 33
5 0
40 22
6 0
8 6
37 34
19 6
44 16
26 8
42 33
23 14
12 10
3 1
5 2
40 15
4 0
20 4
29 12
13 9
11 10
1 1
18 3
6 1
7 3
45 15
6 3
17 5
48 21
31 22
42 10
33 27
5 3
14 13
9 0
33 13
6 2
44 9
30 10
32 22
26 21
11 0
1 0
37 35
6 0
8 7
48 30
22 11
20 14
48 35
44 28
22 14
20 11
35 16
17 9
44 39
3 3
3 3
26 21
41 22
34 32
28 14
9 8
42 32
36 33
7 5
48 13
13 11
2 0
15 10
2 0
8 1
22 4
30 1
41 8
42 36
41 28
19 19
10 6
5 5
18 17
34 33
45 14
6 5
23 3
22 22
22 21
26 8
47 24
32 27
20 7
30 6
31 29
9 0
47 47
9 4
41 23
22 8
38 15
16 10
49 45
28 15
43 18
50 4
46 35
20 3
41 19
50 11
18 3
37 5
43 7
47 0
20 4
9 0
17 11
29 13
24 1
29 28
36 16
12 7
34 28
25 14
23 0
2 2
47 24
13 12
42 3
46 30
3 3
23 1
42 27
28 9
32 5
45 8
50 20
44 24
22 0
48 11
45 11
28 1
25 19
21 11
18 16
19 6
50 27
26 6
40 38
34 0
27 5
11 0
36 8
27 23
31 21
16 7
36 30
44 21
46 30
41 34
4 2
1 0
46 24
1 0
11 2
25 19
25 11
21 16
35 34
21 12
14 4
19 5
27 11
1 1
1 0
6 5
47 18
26 15
30 13
1 0
18 2
13 0
27 0
1 0
4 4
30 26
23 17
11 4
25 14
30 4
47 35
48 30
48 40
27 0
29 9
43 25
15 3
25 10
17 2
29 6
25 21
29 8
29 10
22 13
12 7
4 0
24 7
28 5
27 14
4 4
13 2
10 9
25 14
35 22
18 16
50 39
38 8
38 7
47 3
1 1
35 13
48 10
7 3
15 13
14 14
4 2
49 22
5 3
10 0
16 11
19 15
14 2
14 11
50 32
18 11
10 3
4 0
29 28
31 2
31 21
24 22
37 28
13 5
31 5
7 0
38 2
38 6
35 22
21 7
19 18
45 41
5 3
41 24
44 0
1 1
29 4
40 11
19 0
16 14
37 22
34 16
21 4
23 15
39 1
2 0
6 2
45 12
33 27
41 2
40 31
30 8
28 21
16 3
15 4
7 4
14 11
19 7
1 0
36 14
37 22
18 14
14 0
38 31
20 18
7 6
42 28
25 22
30 0
43 13
50 41
42 25
45 13
12 11
44 10
39 12
49 15
47 3
41 31
44 20
27 10
1 0
27 15
21 3
38 33
20 8
46 2
15 1
42 30
32 11
18 4
6 2
41 19
40 34
21 18
37 37
30 6
41 35
21 18
8 1
26 11
29 21
33 1
4 0
24 11
11 11
38 2
21 6
35 27
45 45
43 24
21 0
50 27
1 0
16 9
3 1
30 29
37 8
31 13
50 12
49 44
48 32
48 30
7 7
36 23
28 17
5 3
13 6
32 23
50 16
37 32
3 3
21 3
25 9
29 17
36 35
43 42
49 15
29 18
12 12
31 13
37 26
40 31
48 6
24 4
11 0
5 3
38 28
23 3
48 9
11 11
19 3
42 27
26 23
8 8
31 16
18 18
32 9
31 0
22 1
3 2
27 22
31 10
14 2
14 0
19 0
47 17
13 10
28 18
25 7
27 8
31 25
46 37
18 4
18 3
7 3
22 20
44 22
7 6
26 3
21 15
4 1
17 1
25 2
25 6
44 19
44 3
13 9
1 0
19 8
50 38
14 11
50 43
46 18
4 2
11 4
43 26
3 0
43 39
38 26
31 16
49 32
40 20
9 3
30 18
20 18
4 3
28 19
32 8
47 36
23 17
36 1
37 23
28 20
36 30
3 2
3 0
20 16
3 1
40 20
26 20
37 37
37 32
15 5
25 7
8 6
40 25
13 9
42 35
41 6
12 9
30 10
24 14
11 11
22 10
7 6
22 5
41 1
11 11
10 1
15 8
36 2
8 8
39 6
16 13
44 11
23 14
6 0
5 4
14 5
28 15
43 13
15 10
28 12
40 8
45 17
46 43
21 13
6 1
26 17
35 17
40 26
12 3
43 21
41 36
47 6
45 37
18 15
4 2
14 7
7 5
11 2
16 16
18 13
38 9
23 19
4 1
23 20
33 16
33 33
25 7
3 0
10 8
16 16
8 0
1 1
33 22
22 1
44 39
12 11
50 30
23 7
5 2
21 2
19 15
6 1
28 10
48 5
50 10
44 34
44 39
26 21
23 19
42 19
8 2
22 20
43 38
28 18
25 5
40 3
29 8
15 5
27 6
6 1
27 27
20 12
23 22
48 10
40 3
8 6
27 3
44 30
47 21
22 1
42 0
34 33
24 18
46 46
34 20
18 0
47 29
9 7
21 18
33 28
30 13
19 8
6 2
27 9
47 16
18 17
44 24
7 0
38 12
15 15
22 10
27 2
48 47
24 15
3 2
27 6
36 2
42 27
20 3
6 4
23 3
23 4
27 16
6 6
38 16
45 19
16 14
13 6
31 14
21 21
27 25
25 15
48 2
38 21
42 27
8 7
40 12
4 4
6 5
28 4
10 1
14 3
41 5
21 5
38 5
17 3
13 11
2 1
3 1
46 10
44 39
36 23
10 8
36 26
7 5
1 1
37 15
7 1
27 3
12 2
46 46
47 35
35 32
5 3
28 23
31 19
19 15
11 2
12 6
47 7
13 1
41 15
5 3
31 16
44 19
15 4
17 4
17 1
50 41
28 25
2 0
32 7
31 9
2 0
32 2
37 18
39 38
10 6
4 0
27 27
7 4
2 1
13 11
36 32
22 6
9 1
46 29
19 13
38 22
7 0
3 3
42 38
26 15
11 2
4 0
36 26
24 21
35 35
26 9
8 7
14 2
8 8
38 37
42 1
49 1
32 2
21 1
18 5
35 12
46 26
9 5
9 6
15 7
34 14
43 19
50 1
43 31
7 3
14 3
2 0
34 13
8 3
7 0
23 19
27 27
27 0
6 4
19 12
10 3
35 25
32 18
7 4
44 36
21 19
28 15
17 4
50 46
27 20
40 34
21 20
5 5
11 11
35 10
32 7
33 19
34 27
47 24
21 13
22 15
11 0
34 0
19 10
41 40
41 20
3 2
48 8
42 27
44 18
41 34
33 0
43 2
2 2
33 4
12 10
41 35
16 2
6 2
9 6
22 5
35 30
14 7
11 10
35 20
36 7
12 9
27 5
49 22
30 11
22 13
43 11
37 11
40 27
22 15
33 27
23 2
46 31
14 9
31 12
13 10
14 7
44 7
49 31
48 27
28 23
40 34
47 16
50 9
47 46
34 19
2 1
41 24
30 6
24 16
27 24
39 35
39 37
17 0
22 15
23 17
50 13
4 4
37 1
2 2
6 4
6 3
29 16
46 3
44 22
43 18
40 39
42 33
35 20
45 40
11 11
36 6
28 15
19 6
31 10
1 1
18 8
25 17
17 7
48 36
32 20
16 6
5 5
41 5
21 15
31 3
26 6
42 31
33 15
13 2
43 15
42 25
19 1
23 18
19 17
46 38
5 1
47 39
35 35
31 15
12 4
35 34
38 26
5 2
14 6
8 4
39 22
48 29
42 2
34 24
38 33
7 1
40 26
18 4
5 0
11 1
38 20
9 9
20 9
42 5
2 0
23 21
44 11
10 4
3 0
39 13
19 5
39 20
24 17
18 10
43 43
16 11
18 8
3 0
15 15
42 11
26 20
49 11
6 5
39 21
1 0
29 3
15 15
46 19
21 0
27 27
2 1
28 6
2 1
20 17
5 1
28 5
17 11
26 10
32 19
26 15
26 23
31 4
35 25
9 2
18 15
36 34
24 4
39 13
4 0
49 20
24 24
14 9
2 2
40 11
42 40
38 32
27 15
43 17
35 34
8 3
14 9
3 1
3 1
8 0
32 28
29 21
37 17
25 18
21 4
31 31
21 18
19 18
48 29
50 5
43 18
47 46
6 1
48 41
35 7
15 1
45 14
48 43
11 9
20 12
43 22
47 1
26 0
22 1
16 9
48 35
39 9
4 4
23 16
32 20
11 11
34 16
13 2
5 2
17 13
21 7
26 3
31 1
6 4
5 5
31 23
41 19
30 9
29 19
8 3
11 3
35 15
20 17
45 31
10 5
28 21
19 9
35 17
24 19
24 7
44 1
45 16
46 6
39 32
27 16
27 18
43 22
41 4
30 5
48 32
39 36
39 7
2 0
50 25
4 1
7 7
16 11
18 13
34 33
21 16
26 11
37 20
43 3
8 4
16 1
45 37
16 12
23 22
42 31
16 2
22 5
44 21
43 5
37 20
48 39
46 13
41 14
28 26
34 33
21 16
36 13
23 6
5 5
3 1
36 26
21 0
43 31
26 1
16 6
13 10
2 0
47 35
42 23
43 25
11 2
31 3
15 1
44 40
24 21
44 41
12 7
16 0
27 9
44 5
11 5
33 6
7 4
26 20
36 3
2 1
43 0
42 18
19 0
14 6
9 8
9 5
4 0
26 23
19 13
48 7
6 3
25 0
38 23
48 10
13 6
19 19
13 0
19 13
3 1
28 16
2 0
24 3
7 5
13 11
11 6
26 20
49 18
16 16
26 11
37 36
48 34
23 5
23 0
41 34
12 5
19 2
27 27
6 6
25 11
45 9
12 2
16 15
47 0
4 4
29 8
11 7
38 16
25 7
44 41
5 0
29 2
41 0
50 35
40 28
23 14
5 5
32 20
31 17
7 4
32 9
4 2
31 6
29 19
41 15
1 1
24 21
22 11
42 22
19 12
32 14
2 0
12 12
44 15
20 15
50 31
18 18
21 19
45 27
1 1
31 3
41 1
17 12
30 1
41 5
13 8
12 8
36 32
1 0
7 7
42 36
11 9
40 14
32 0
9 6
44 10
9 6
13 3
45 5
12 9
46 46
48 33
31 18
37 0
21 20
38 26
12 6
34 6
9 8
15 1
33 17
23 8
39 21
18 17
11 7
9 5
40 36
11 7
40 40
18 6
19 0
31 18
18 10
44 37
35 19
27 10
50 19
4 4
25 0
20 3
27 9
41 41
46 13
25 13
28 4
13 1
24 2
13 8
36 0
6 4
6 4
36 9
2 2
5 4
24 10
11 6
12 7
43 16
29 27
50 23
48 1
16 5
11 8
23 23
6 5
8 3
28 10
17 17
21 2
46 38
21 6
25 22
14 6
25 16
23 4
17 5
2 1
25 0
5 5
6 1
29 2
10 6
16 8
18 12
40 34
12 5
31 19
32 14
29 7
48 41
23 3
43 14
18 8
42 4
6 6
9 5
39 2
24 14
4 1
5 0
45 43
3 3
35 28
37 0
47 26
42 35
7 0
34 22
27 16
3 1
8 6
8 6
45 10
5 4
21 6
29 28
35 29
6 6
42 38
20 8
5 0
41 18
31 1
23 10
41 33
26 13
25 11
1 1
45 11
13 5
43 28
23 21
4 2
2 1
33 23
38 31
28 20
38 30
29 23
6 2
29 16
19 12
33 17
4 0
43 25
36 19
11 0
44 28
22 21
45 9
7 0
15 2
5 1
21 2
26 11
47 14
21 16
6 6
10 6
38 16
27 6
47 18
38 22
4 4
16 14
25 4
44 21
42 12
10 7
49 48
11 2
3 0
48 9
18 13
24 15
26 4
39 19
15 12
6 6
38 24
27 12
41 36
35 26
11 5
4 4
9 2
16 5
9 4
39 10
15 5
36 3
34 12
3 3
16 2
31 19
50 4
9 9
46 25
20 8
25 14
42 17
35 30
49 2
3 0
46 3
6 4
42 34
40 10
44 26
8 6
37 27
14 11
3 2
21 7
4 2
17 4
38 29
42 33
18 2
26 24
11 11
5 2
14 2
49 47
21 18
11 3
25 18
5 3
21 19
35 26
47 4
2 1
50 50
34 3
19 5
5 3
39 34
5 5
38 18
37 13
35 20
4 2
12 9
26 21
10 0
26 7
34 33
42 10
5 1
13 9
19 4
50 27
13 2
20 6
7 7
48 32
20 14
45 44
10 6
3 2
44 0
26 26
37 11
1 1
17 7
9 7
42 40
24 21
47 4
1 0
7 3
36 22
37 24
46 25
36 14
8 8
7 3
5 5
35 28
15 12
32 10
13 12
7 1
28 9
42 5
45 8
3 0
4 3
43 38
13 9
18 1
10 6
30 22
15 13
22 21
18 8
12 10
14 11
30 11
7 3
49 14
38 1
48 28
33 10
27 10
16 10
24 24
25 15
28 22
35 18
20 16
45 24
27 7
14 11
44 0
23 18
6 1
27 24
16 0
10 2
41 38
1 0
9 9
32 9
45 30
17 3
48 38
29 19
33 9
15 13
10 8
22 17
38 23
41 7
44 27
4 3
24 7
5 3
27 27
36 35
18 11
8 3
25 7
18 17
16 5
40 30
45 24
46 13
49 19
45 11
18 7
2 1
40 2
21 0
33 3
31 29
32 13
14 3
45 19
42 42
38 16
24 6
39 12
46 43
31 11
7 6
23 1
35 6
24 17
25 5
46 17
50 14
28 11
20 19
46 9
26 14
47 33
48 0
4 2
2 2
5 5
36 29
25 21
35 8
22 22
33 8
8 0
42 10
37 36
26 9
13 1
9 5
35 31
6 6
21 9
14 3
16 9
13 1
46 37
10 4
47 0
45 42
18 13
9 5
5 1
4 1
4 0
14 8
43 22
4 4
44 23
2 1
43 33
40 12
22 12
7 3
44 4
18 4
32 31
17 17
9 7
1 1
9 8
2 2
41 17
27 14
31 31
9 6
6 1
8 3
17 3
49 33
28 26
36 22
31 4
19 18
8 5
17 8
27 26
26 25
47 14
27 27
48 27
29 1
19 2
24 14
49 6
42 37
25 24
6 5
2 2
3 3
32 26
36 26
44 21
20 7
2 2
21 13
33 3
24 13
33 11
8 1
32 25
27 8
10 2
27 3
2 1
21 20
45 38
11 5
47 0
22 1
30 15
26 22
23 2
3 1
18 1
50 28
11 8
25 11
27 11
9 5
11 3
47 15
17 13
2 0
32 19
15 15
42 26
43 23
2 2
43 21
15 4
10 9
37 33
16 10
37 30
3 1
49 7
34 8
19 17
25 18
1 1
8 4
31 19
15 9
18 3
15 15
15 7
18 15
29 19
2 1
21 8
41 10
39 30
21 10
23 10
2 2
8 3
17 15
46 43
49 19
10 7
39 25
31 23
14 9
47 11
7 1
21 1
30 26
32 15
7 2
28 8
34 15
44 42
48 17
18 2
28 28
37 7
32 17
8 0
28 15
36 11
5 3
27 4
12 10
24 19
22 17
6 1
20 14
22 20
46 12
24 17
11 1
47 16
27 1
43 12
4 2
41 39
37 6
46 25
3 0
7 3
4 0
20 13
50 47
32 3
31 2
39 22
34 20
16 0
24 24
21 1
25 15
20 10
42 21
4 4
33 25
31 27
7 3
5 0
5 5
29 13
6 1
1 0
38 32
25 7
34 3
46 37
13 4
27 3
9 8
2 1
46 3
43 41
21 21
35 28
15 13
37 34
7 0
46 31
50 46
1 0
1 1
11 3
10 9
36 3
4 0
1 0
20 1
14 10
48 43
34 21
45 18
4 0
14 5
48 7
20 6
31 10
3 1
8 5
44 22
33 13
46 15
43 41
44 30
5 3
26 24
26 19
23 23
47 39
33 1
28 25
10 8
32 1
49 9
39 20
12 11
43 38
27 6
15 4
46 29
20 6
3 2
22 3
37 33
4 3
38 7
17 6
20 20
18 7
2 2
50 28
24 9
18 18
27 12
23 1
37 28
24 24
28 7
20 10
49 43
45 37
13 12
25 7
25 9
8 2
26 16
30 28
8 5
30 9
48 11
49 35
3 1
42 15
38 6
19 6
8 8
41 19
36 17
27 24
26 18
28 10
35 1
4 2
29 25
20 4
43 19
24 12
18 4
11 11
26 19
14 1
26 11
27 27
17 10
21 5
47 16
7 5
16 9
3 2
25 15
26 25
30 14
32 32
50 8
36 27
22 1
28 0
5 5
12 6
43 43
34 10
10 7
36 31
31 4
48 10
5 4
45 29
49 34
4 1
41 0
29 22
40 28
37 15
48 29
12 7
25 20
8 0
36 25
25 15
1 0
6 4
15 15
25 19
16 1
7 5
14 11
30 24
41 1
14 5
14 13
11 1
22 19
39 4
42 26
20 0
34 28
22 3
33 24
42 41
25 10
38 14
43 42
25 19
40 39
8 7
33 23
43 7
20 12
11 0
48 9
3 3
24 2
4 0
3 1
13 9
18 18
30 1
23 3
24 12
28 17
45 15
21 11
43 23
34 12
29 13
21 7
32 8
22 8
2 2
45 8
36 2
12 11
1 0
49 47
36 1
27 20
24 5
21 9
13 1
40 11
29 19
46 26
7 4
15 7
7 4
8 0
48 43
6 2
34 20
25 24
29 12
35 28
4 3
17 11
26 14
45 42
38 22
32 0
3 1
6 6
33 12
14 7
5 1
47 10
4 4
26 11
38 0
16 11
38 11
2 0
45 43
39 37
33 7
41 24
47 13
20 3
30 5
21 14
37 7
18 16
2 0
49 37
21 12
36 20
40 33
4 0
24 1
12 5
34 8
33 6
2 1
2 1
14 3
11 8
48 20
21 17
17 14
41 1
15 6
40 11
35 12
46 40
15 6
1 1
13 2
34 8
1 0
12 0
34 14
41 15
40 3
17 1
13 13
45 29
32 1
50 49
36 30
7 7
2 0
45 10
7 0
9 1
37 35
36 26
21 18
28 28
31 30
29 16
41 39
18 7
48 31
19 5
21 2
9 6
35 10
26 5
20 6
26 5
24 13
12 12
9 6
12 10
7 0
23 13
1 1
1 1
18 14
5 5
50 2
6 1
33 33
24 0
5 1
5 2
21 16
41 17
14 2
16 1
15 3
6 4
1 1
2 1
28 7
47 32
10 7
46 16
46 4
22 6
22 16
17 6
20 12
24 3
21 7
15 8
35 32
39 16
30 16
20 19
11 3
24 23
27 4
30 7
18 16
10 3
47 20
41 26
5 1
27 11
48 45
25 21
3 0
5 5
23 12
32 25
47 15
2 2
13 3
9 1
5 3
33 15
29 22
45 23
13 1
2 2
3 3
12 10
1 1
44 44
4 3
15 11
29 14
44 42
36 14
29 9
10 2
32 9
31 23
17 2
3 0
6 3
13 12
50 44
45 38
6 6
28 21
48 8
50 5
9 1
17 6
5 0
49 39
24 24
32 15
20 15
38 5
44 41
31 27
16 11
19 3
14 9
36 33
22 12
43 32
35 8
19 17
18 17
49 26
50 48
19 0
42 37
40 38
3 0
32 8
1 1
6 3
38 36
3 0
7 4
11 6
44 11
7 1
36 16
46 26
19 16
10 7
43 12
40 32
40 31
47 41
38 13
15 12
38 10
22 16
49 1
15 15
31 14
33 27
23 14
12 4
21 13
20 16
38 13
45 35
5 4
1 0
19 7
27 4
33 25
23 1
21 10
43 39
11 7
35 2
1 0
13 5
5 5
48 38
10 2
28 13
40 4
2 0
17 3
8 6
25 13
31 1
31 18
26 13
27 15
47 19
45 23
47 45
39 1
40 22
26 2
31 15
46 2
29 23
5 2
30 22
34 13
11 8
36 31
26 21
6 1
38 18
46 18
14 1
10 8
34 6
19 16
50 40
7 2
8 6
27 1
30 1
36 25
14 11
11 2
3 0
49 46
15 2
30 8
45 25
14 3
46 4
20 18
45 28
14 6
39 31
33 32
21 18
49 5
26 0
10 4
49 14
49 36
45 26
25 7
20 5
11 9
11 7
26 6
30 8
15 10
21 3
21 0
25 10
31 13
38 14
19 11
31 22
24 14
8 5
33 14
42 37
24 10
31 24
49 44
38 17
38 2
43 39
10 6
26 10
47 45
31 19
39 18
22 2
34 5
28 1
37 36
23 7
17 16
5 3
45 26
4 1
28 11
18 15
42 22
34 18
43 21
41 30
12 4
7 7
29 22
36 11
18 11
4 2
16 10
40 38
26 25
10 7
13 10
22 18
44 39
50 41
38 29
19 17
11 0
4 2
43 11
10 0
27 12
14 7
39 24
37 2
50 18
50 11
11 5
23 6
16 16
46 28
33 12
28 11
25 16
50 3
4 3
3 3
5 4
48 46
32 15
33 23
22 2
33 17
14 7
35 32
44 18
23 11
23 1
6 3
16 5
40 11
42 10
17 2
41 2
1 1
2 1
19 9
47 18
2 0
45 13
50 34
18 4
2 0
47 37
24 8
7 6
40 8
21 2
31 21
7 5
13 5
49 20
33 22
44 15
14 12
45 1
49 37
40 14
13 1
2 0
26 18
6 2
39 31
8 5
49 14
23 6
42 36
47 5
26 16
16 10
16 0
37 15
16 16
49 5
10 4
18 9
36 16
24 2
9 0
42 33
27 4
45 26
35 31
9 5
8 5
25 25
13 8
29 8
19 10
29 11
33 26
38 11
15 14
36 35
48 12
16 9
49 19
29 29
21 21
22 16
2 0
50 4
50 33
5 5
12 8
49 30
29 9
46 6
31 3
41 7
40 13
8 5
13 4
13 5
38 23
31 28
3 2
43 24
13 1
3 3
28 4
13 7
10 0
11 11
17 6
50 46
3 0
8 7
34 33
18 9
29 3
18 11
11 6
41 30
10 9
8 0
21 14
3 2
28 17
47 41
21 2
11 11
21 7
4 1
34 0
5 5
41 14
9 5
42 28
11 7
36 19
16 2
11 8
20 5
43 29
40 15
42 34
11 7
23 21
48 44
47 4
27 24
50 3
12 9
20 16
26 25
14 13
37 10
15 12
25 7
11 3
44 14
12 8
37 26
27 5
49 15
50 33
10 10
36 18
10 0
22 9
45 21
47 47
16 6
20 20
36 34
35 35
33 12
13 4
7 7
38 13
22 4
22 14
7 2
49 45
31 3
50 6
13 8
34 0
42 4
10 4
7 5
26 21
6 1
50 14
21 1
44 19
20 14
44 26
20 10
22 19
44 7
3 2
13 10
44 32
31 28
45 18
28 18
30 1
16 10
49 17
39 26
47 38
49 9
16 3
18 0
31 23
2 1
49 39
8 5
29 0
12 8
16 8
10 2
18 7
30 5
50 38
28 14
11 11
15 6
27 0
31 19
17 0
12 0
3 3
37 17
3 3
34 8
30 15
41 36
50 11
50 36
19 19
38 4
17 12
3 2
29 8
5 2
23 11
16 15
44 12
1 0
6 6
19 10
3 3
26 24
48 12
49 32
17 11
16 3
19 10
37 11
34 11
47 24
5 5
18 7
28 27
43 3
41 9
21 21
25 25
38 14
24 12
18 6
45 6
44 18
15 3
13 0
11 2
23 22
50 40
48 31
33 21
44 20
19 6
15 15
3 2
42 16
16 9
16 12
50 43
49 12
46 15
44 6
26 20
28 25
16 13
12 5
4 2
9 4
44 21
40 17
42 11
9 0
46 42
10 5
40 13
48 41
13 2
21 14
36 33
31 31
21 17
35 22
21 20
15 13
21 19
6 2
9 3
39 30
16 3
34 5
27 5
40 24
40 20
32 21
31 4
33 33
41 5
26 15
9 9
43 35
24 11
2 1
34 26
37 33
38 17
24 1
31 23
14 13
26 6
7 6
9 8
22 14
45 19
21 19
4 4
24 23
13 7
9 2
7 1
48 5
14 13
49 22
31 13
48 16
30 14
46 27
28 1
11 0
15 5
13 5
47 22
26 12
29 11
46 22
25 20
40 14
48 3
37 1
41 41
25 7
47 44
23 1
36 19
40 10
39 0
18 5
19 8
17 7
36 31
24 9
28 27
39 5
45 2
34 11
42 41
7 5
10 7
16 0
28 0
37 35
15 5
23 7
4 4
26 24
13 3
17 17
12 12
7 5
47 13
16 16
18 2
20 14
39 19
23 17
32 9
7 7
27 23
13 13
12 12
24 11
38 29
3 2
23 2
21 1
17 8
14 8
43 29
36 36
42 22
18 6
36 11
28 27
1 1
11 2
3 2
26 9
5 0
8 8
40 37
22 22
34 23
18 15
10 4
25 2
28 16
3 2
39 12
22 20
41 7
41 38
40 8
24 17
23 2
35 18
29 24
9 7
3 2
15 9
41 33
7 2
22 13
35 17
2 1
25 19
10 0
30 19
35 18
1 0
50 44
1 1
7 0
29 1
42 14
31 10
3 2
31 1
26 18
48 29
47 47
18 9
42 21
1 0
27 7
12 4
8 1
23 22
10 2
34 28
34 5
49 46
28 22
22 2
10 9
40 1
17 17
39 18
5 0
25 25
14 11
6 3
9 0
9 5
41 40
42 35
45 26
17 0
38 10
34 11
30 16
25 19
18 5
46 40
24 7
9 0
37 17
2 0
9 2
31 20
30 13
18 15
22 6
25 13
1 0
34 17
16 0
31 16
22 7
47 1
30 13
9 8
20 6
12 2
4 4
49 12
16 7
7 7
10 2
28 14
19 6
21 13
24 13
11 6
37 30
14 12
45 15
44 32
4 3
16 10
29 18
10 4
33 33
48 0
41 7
21 21
33 3
9 6
13 12
7 1
11 6
18 0
41 21
42 9
21 19
13 6
1 0
29 16
45 13
41 32
35 9
42 17
7 4
32 26
2 2
41 36
47 2
50 40
33 26
36 33
50 15
17 12
28 28
9 2
6 5
17 10
6 4
49 43
50 48
20 1
22 14
40 5
46 13
25 18
42 33
34 0
48 27
29 15
43 29
18 4
19 18
26 0
33 27
14 11
49 29
10 7
7 3
33 0
10 10
12 9
9 2
43 2
13 6
2 0
5 5
38 0
6 6
6 3
32 9
25 20
18 0
50 0
50 38
37 23
23 17
17 17
17 3
15 13
46 7
8 4
37 32
26 20
41 38
15 13
16 9
14 13
22 4
19 6
9 3
6 2
23 9
28 13
25 5
2 0
48 18
50 16
46 8
27 13
4 2
31 14
19 1
50 32
2 0
22 16
34 34
48 26
33 27
7 5
47 29
50 33
16 6
34 5
39 11
3 1
48 25
42 40
35 19
13 11
8 7
41 5
40 17
23 5
49 3
40 3
10 10
30 10
19 9
30 8
48 18
18 7
3 0
11 4
20 0
4 3
4 3
39 39
4 2
10 3
15 14
30 15
8 2
18 7
36 15
46 35
37 23
36 22
27 19
18 17
3 2
39 1
27 27
45 32
42 28
9 3
14 3
14 4
16 8
5 0
26 8
28 15
47 25
35 4
49 11
11 5
18 14
10 9
2 1
3 2
18 5
20 16
26 12
36 31
17 9
36 19
4 4
29 25
47 8
50 17
21 17
50 42
26 3
2 0
5 1
26 13
36 30
48 28
43 42
8 2
28 0
30 20
4 0
47 12
20 19
11 0
27 15
39 32
24 1
13 0
18 4
22 19
49 26
21 4
24 19
2 0
36 1
43 28
37 36
44 21
14 13
24 20
12 11
21 7
38 24
7 4
7 7
47 13
4 1
26 17
18 13
28 3
22 0
19 8
6 6
7 7
38 25
9 2
15 6
15 2
31 22
37 12
10 10
36 28
18 3
13 13
15 10
12 5
13 5
14 12
39 37
47 4
46 14
3 2
3 1
4 4
9 4
39 12
4 2
21 19
19 17
43 25
47 27
42 30
3 0
12 9
32 12
3 3
39 5
18 17
33 11
40 8
33 14
11 4
24 19
28 9
43 10
37 26
26 5
12 12
42 12
2 0
16 11
34 10
35 21
22 20
21 15
50 42
45 41
34 17
39 36
27 1
37 28
11 0
5 5
1 1
41 30
21 18
23 14
9 4
33 16
46 23
23 3
9 6
21 8
35 1
35 19
41 10
5 1
2 1
44 6
12 0
49 39
27 10
40 13
5 5
36 27
20 8
29 24
20 9
12 5
19 8
19 7
13 2
3 1
23 8
33 30
4 4
19 8
4 3
26 16
43 35
47 23
19 13
47 45
48 7
23 15
5 3
2 0
29 14
3 0
30 1
41 41
19 19
1 0
46 35
3 2
14 5
38 19
24 1
35 29
24 15
40 24
18 4
24 2
9 8
14 0
35 13
20 10
19 10
3 2
23 1
50 9
43 35
16 3
40 35
30 6
6 0
7 0
37 11
14 10
38 31
49 25
12 9
38 12
32 18
26 17
8 7
8 8
32 31
47 42
27 0
26 7
7 1
18 12
17 12
23 3
31 11
10 5
40 4
44 30
45 18
37 30
40 2
38 30
48 27
45 31
25 13
29 14
4 1
7 5
38 19
19 3
24 16
45 26
47 43
27 21
7 4
13 0
37 16
11 7
27 2
21 17
6 1
17 8
31 24
24 12
32 21
23 21
13 0
19 16
33 17
50 45
39 2
15 3
40 0
50 26
8 4
4 1
47 1
9 4
40 13
34 1
1 0
27 14
6 6
49 46
30 9
42 29
9 0
25 15
45 45
14 11
6 6
7 2
31 14
41 8
33 30
28 22
16 0
31 13
41 24
7 6
27 5
2 0
38 32
12 12
18 15
44 32
4 3
21 8
27 9
9 7
19 6
20 10
26 1
5 4
42 11
48 9
16 7
41 33
21 6
47 40
5 0
45 17
12 12
33 11
39 16
24 5
35 12
39 28
11 0
16 5
27 8
36 16
26 1
41 14
34 28
24 24
7 6
49 40
48 6
35 2
37 22
10 2
15 15
35 1
41 4
22 1
37 6
31 18
35 27
25 18
18 17
28 0
30 1
25 2
3 1
44 21
16 4
16 15
31 13
48 4
4 2
48 24
15 6
38 34
11 0
1 0
13 3
33 15
30 4
